" 0.0 0.0 1.0 0.0 0.0 0.0 0.0 0.0 0.0 0.0 0.0 0.0 
! 0.0 0.0 1.0 0.0 0.0 0.0 0.0 0.0 0.0 0.0 0.0 0.0 
' 0.0 0.0 0.0 0.0 0.0 0.07692307692307693 0.0 0.20512820512820512 0.0 0.6923076923076923 0.0 0.02564102564102564 
% 0.0 0.0 0.0 0.0 0.0 0.0 0.0 0.0 0.0 0.0 0.0 1.0 
* 0.0 0.0 0.0 0.0 0.0 0.0 0.0 0.0 0.0 0.0 0.0 1.0 
( 0.0 0.0 1.0 0.0 0.0 0.0 0.0 0.0 0.0 0.0 0.0 0.0 
) 0.0 0.0 1.0 0.0 0.0 0.0 0.0 0.0 0.0 0.0 0.0 0.0 
. 0.0 0.0 0.8175 0.0 0.0 0.0 0.0 8.333333333333334E-4 0.0 0.0 0.0 0.18166666666666667 
/ 0.0 0.0 0.0 0.0 0.0 0.0 0.0 0.0 0.0 0.0 0.0 1.0 
, 0.0 0.0 1.0 0.0 0.0 0.0 0.0 0.0 0.0 0.0 0.0 0.0 
- 0.0 0.0 1.0 0.0 0.0 0.0 0.0 0.0 0.0 0.0 0.0 0.0 
3 0.0 0.0 0.0 0.0 0.0 0.0 0.0 0.8947368421052632 0.0 0.0 0.0 0.10526315789473684 
2 0.0 0.0 0.0 0.0 0.0 0.0 0.0 0.9666666666666667 0.0 0.0 0.0 0.03333333333333333 
1 0.0 0.0 0.0 0.0 0.0 0.0 0.0 1.0 0.0 0.0 0.0 0.0 
0 0.0 0.0 0.0 0.0 0.0 0.0 0.0 0.9807692307692307 0.0 0.0 0.0 0.019230769230769232 
7 0.0 0.0 0.0 0.0 0.0 0.0 0.0 1.0 0.0 0.0 0.0 0.0 
6 0.0 0.0 0.0 0.0 0.0 0.0 0.0 1.0 0.0 0.0 0.0 0.0 
5 0.0 0.0 0.0 0.0 0.0 0.0 0.0 1.0 0.0 0.0 0.0 0.0 
4 0.0 0.0 0.0 0.0 0.0 0.0 0.0 1.0 0.0 0.0 0.0 0.0 
; 0.0 0.0 1.0 0.0 0.0 0.0 0.0 0.0 0.0 0.0 0.0 0.0 
: 0.0 0.0 1.0 0.0 0.0 0.0 0.0 0.0 0.0 0.0 0.0 0.0 
9 0.0 0.0 0.0 0.0 0.0 0.0 0.0 1.0 0.0 0.0 0.0 0.0 
8 0.0 0.0 0.0 0.0 0.0 0.0 0.0 1.0 0.0 0.0 0.0 0.0 
D 0.0 0.0 0.0 0.0 0.0 0.0 0.0 0.0 0.0 0.0 0.0 1.0 
E 0.0 0.0 0.0 0.0 0.0 0.0 0.0 0.0 0.0 0.0 0.0 1.0 
A 0.0 0.0 0.0 0.0 0.0 0.0 0.0 0.0 0.0 0.0 0.0 1.0 
C 0.0 0.0 0.0 0.0 0.0 0.0 0.0 0.0 0.0 0.0 0.0 1.0 
L 0.0 0.0 0.0 0.0 0.0 0.0 0.0 0.0 0.0 0.0 0.0 1.0 
N 0.0 0.0 0.0 0.0 0.0 0.0 0.0 0.0 0.0 0.0 0.0 1.0 
I 0.0 0.0 0.0 0.0 0.0 0.0 0.0 0.0 0.0 0.0 0.0 1.0 
K 0.0 0.0 0.0 0.0 0.0 0.0 0.0 0.0 0.0 0.0 0.0 1.0 
V 0.0 0.0 0.0 0.0 0.0 0.0 0.0 1.0 0.0 0.0 0.0 0.0 
S 0.0 0.0 0.0 0.0 0.0 0.0 0.0 0.0 0.0 0.0 0.0 1.0 
R 0.0 0.0 0.0 0.0 0.0 0.0 0.0 0.0 0.0 0.0 0.0 1.0 
g 0.0 0.0 0.0 0.0 0.0 0.0 0.0 0.0 0.0 0.0 0.0 1.0 
d 0.0 0.0 0.0 0.0 0.0 0.0 0.0 0.0 0.0 0.0 0.0 1.0 
e 0.0 0.0 0.0 0.0 0.0 0.0 0.0 0.0 0.0 0.0 0.0 1.0 
c 0.0 0.0 0.0 0.0 0.0 0.0 0.0 0.0 0.0 0.0 0.0 1.0 
a 0.0 0.0 0.0 0.0 0.0 0.0 0.0 0.0 0.0 0.0 0.0 1.0 
n 0.0 0.0 0.0 0.0 0.0 0.0 0.0 0.0 0.0 0.0 0.0 1.0 
o 0.2222222222222222 0.0 0.0 0.0 0.0 0.0 0.0 0.0 0.0 0.0 0.0 0.7777777777777778 
l 0.0 0.0 0.0 0.0 0.0 0.0 0.0 0.0 0.0 0.0 0.0 1.0 
m 0.0 0.0 0.0 0.0 0.0 0.0 0.0 0.0 0.0 0.0 0.0 1.0 
k 0.0 0.0 0.0 0.0 0.0 0.0 0.0 0.0 0.0 0.0 0.0 1.0 
h 0.0 0.0 0.0 0.0 0.0 0.0 0.0 0.0 0.0 0.0 0.0 1.0 
w 0.0 0.0 0.0 0.0 0.0 0.0 0.0 0.0 0.0 0.0 0.0 1.0 
t 0.0 0.0 0.0 0.0 0.0 0.0 0.0 0.0 0.0 0.0 0.0 1.0 
s 0.0 0.0 0.0 0.0 0.0 0.0 0.0 0.0 0.0 0.0 0.0 1.0 
r 0.0 0.0 0.0 0.0 0.0 0.0 0.0 0.0 0.0 0.0 0.0 1.0 
q 0.0 0.0 0.0 0.0 0.0 0.0 0.0 0.0 0.0 0.0 0.0 1.0 
y 0.0 0.0 0.0 0.0 0.0 0.0 0.0 0.0 0.0 0.0 0.0 1.0 
μ 0.0 0.0 0.0 0.0 0.0 0.0 0.0 0.0 0.0 0.0 0.0 1.0 
ν 0.3766546329723225 0.2214199759326113 0.0 0.07902125952667469 0.029281989570798236 0.028479743281187325 0.1748896911351785 0.008022462896109106 0.04653028479743281 0.002807862013638187 0.020858403529883673 0.012033694344163659 
ξ 0.0 0.0 0.0 0.0 0.0 0.0 0.16666666666666666 0.0 0.0 0.5 0.0 0.3333333333333333 
ο 0.4855305466237942 0.002572347266881029 0.0 0.13183279742765272 0.04244372990353698 0.012218649517684888 0.26881028938906754 0.013504823151125401 0.0 6.430868167202572E-4 0.022508038585209004 0.019935691318327974 
θ 0.0 0.0 0.0 0.0 0.0 0.0 0.0 0.0 0.0 0.0 0.0 1.0 
ι 0.104518484710178 0.39525330899132816 0.0 0.024189867640346873 0.020538566864445457 0.34824281150159747 0.05842081241442264 0.004564125969876769 0.0 0.0 0.029666818804198997 0.01460520310360566 
κ 0.0 0.0 0.0 0.0 0.0 0.0 0.0 0.0 0.0 0.21052631578947367 0.0 0.7894736842105263 
λ 0.0 0.0 0.0 0.0 0.0 0.0 0.08 0.0 0.0 0.0 0.0 0.92 
ε 0.0 0.3923076923076923 0.0 0.001098901098901099 0.03406593406593406 0.03626373626373627 0.002197802197802198 0.0032967032967032967 0.0032967032967032967 0.489010989010989 0.03076923076923077 0.007692307692307693 
ζ 0.0 0.0 0.0 0.4 0.0 0.0 0.0 0.0 0.0 0.0 0.0 0.6 
η 0.3696872493985565 0.0016038492381716118 0.0 0.12510024057738572 0.028869286287089013 0.0056134723336006415 0.458700882117081 0.0048115477145148355 0.0 0.0 0.0056134723336006415 0.0 
α 0.09692253272019809 0.007074637424831978 0.0 0.06968517863459497 0.05907322249734701 0.11637778563848603 0.4029006013441811 0.060841881853555005 0.06827025114962858 0.0902016271666077 0.02193137601697913 0.0067209055535903785 
έ 0.0 0.0 0.0 0.0 0.6923076923076923 0.0 0.07692307692307693 0.0 0.0 0.0 0.0 0.23076923076923078 
ά 0.0 0.03914590747330961 0.0 0.22241992882562278 0.20106761565836298 0.09430604982206406 0.302491103202847 0.008896797153024912 0.0 0.09074733096085409 0.03914590747330961 0.0017793594306049821 
ί 0.0 0.5827338129496403 0.0 0.07913669064748201 0.07553956834532374 0.03597122302158273 0.1474820143884892 0.0 0.0 0.05755395683453238 0.007194244604316547 0.014388489208633094 
ή 0.0 0.0 0.0 0.38461538461538464 0.0 0.11355311355311355 0.4432234432234432 0.0 0.0 0.0 0.05860805860805861 0.0 
Ω 0.0 0.3333333333333333 0.0 0.0 0.3333333333333333 0.1111111111111111 0.2222222222222222 0.0 0.0 0.0 0.0 0.0 
Υ 0.12962962962962962 0.0 0.0 0.037037037037037035 0.018518518518518517 0.0 0.6111111111111112 0.0 0.0 0.0 0.12962962962962962 0.07407407407407407 
Τ 0.0 0.0 0.0 0.0 0.0 0.0 0.0 0.0 0.0 0.0 0.0 1.0 
Χ 0.0 0.0 0.0 0.0 0.0 0.0 0.0 0.0 0.0 0.0 0.0 1.0 
Ρ 0.0 0.0 0.0 0.0 0.0 0.0 0.0 0.0 0.0 0.0 0.0 1.0 
Π 0.0 0.0 0.0 0.0 0.0 0.0 0.0 0.0 0.0 0.0 0.0 1.0 
Σ 0.0599250936329588 0.003745318352059925 0.0 0.033707865168539325 0.018726591760299626 0.0 0.846441947565543 0.0 0.0 0.011235955056179775 0.0 0.026217228464419477 
« 0.0 0.0 1.0 0.0 0.0 0.0 0.0 0.0 0.0 0.0 0.0 0.0 
Ξ 0.0 0.0 0.0 0.0 0.0 0.0 0.0 0.0 0.0 0.0 0.0 1.0 
Ο 0.6940298507462687 0.0 0.0 0.08955223880597014 0.014925373134328358 0.0 0.14925373134328357 0.0 0.0 0.03731343283582089 0.0 0.014925373134328358 
Μ 0.0 0.0 0.0 0.0 0.0 0.0 0.0 0.0 0.0 0.0 0.0 1.0 
Ν 0.3958333333333333 0.10416666666666667 0.0 0.041666666666666664 0.020833333333333332 0.020833333333333332 0.25 0.0 0.020833333333333332 0.0 0.0 0.14583333333333334 
Κ 0.0 0.0 0.0 0.0 0.0 0.0 0.0 0.0 0.0 0.0 0.0 1.0 
Λ 0.0 0.0 0.0 0.0 0.0 0.0 0.0 0.0 0.0 0.0 0.0 1.0 
­ 0.0 0.0 1.0 0.0 0.0 0.0 0.0 0.0 0.0 0.0 0.0 0.0 
Ι 0.046153846153846156 0.3230769230769231 0.0 0.015384615384615385 0.015384615384615385 0.26153846153846155 0.1076923076923077 0.0 0.0 0.015384615384615385 0.03076923076923077 0.18461538461538463 
Ζ 0.0 0.0 0.0 0.0 0.0 0.0 0.0 0.0 0.0 0.0 0.0 1.0 
Η 0.6683673469387755 0.0 0.0 0.025510204081632654 0.0 0.0 0.30612244897959184 0.0 0.0 0.0 0.0 0.0 
Δ 0.0 0.0 0.0 0.0 0.0 0.0 0.0 0.0 0.0 0.0 0.0 1.0 
Ε 0.0 0.1590909090909091 0.0 0.0 0.0 0.0 0.0 0.022727272727272728 0.0 0.11363636363636363 0.0 0.7045454545454546 
Α 0.07194244604316546 0.014388489208633094 0.0 0.06474820143884892 0.02158273381294964 0.050359712230215826 0.5467625899280576 0.0 0.02158273381294964 0.10071942446043165 0.007194244604316547 0.10071942446043165 
» 0.0 0.0 1.0 0.0 0.0 0.0 0.0 0.0 0.0 0.0 0.0 0.0 
Ή 0.0 0.0 0.0 0.0 0.0 1.0 0.0 0.0 0.0 0.0 0.0 0.0 
· 0.0 0.0 1.0 0.0 0.0 0.0 0.0 0.0 0.0 0.0 0.0 0.0 
ϊ 0.0 0.0 0.0 0.0 0.0 0.0 0.0 0.0 0.0 0.0 0.0 1.0 
ω 0.0 0.4727272727272727 0.0 0.0 0.42727272727272725 0.00909090909090909 0.00909090909090909 0.0 0.0 0.00909090909090909 0.0 0.07272727272727272 
ώ 0.0 0.23529411764705882 0.0 0.0 0.058823529411764705 0.45588235294117646 0.014705882352941176 0.04411764705882353 0.0 0.0 0.07352941176470588 0.11764705882352941 
ύ 0.0 0.0 0.0 0.25757575757575757 0.1919191919191919 0.06060606060606061 0.4393939393939394 0.005050505050505051 0.0 0.0 0.030303030303030304 0.015151515151515152 
ό 0.0 0.0 0.0 0.24569640062597808 0.003129890453834116 0.0 0.2112676056338028 0.0 0.0 0.4726134585289515 0.057902973395931145 0.009389671361502348 
ς 0.17096611026808295 0.01618614061709661 0.0 0.15907941325240263 0.05083459787556904 0.015174506828528073 0.4648457258472433 0.01618614061709661 7.587253414264037E-4 0.026302478502781994 0.07182599898836621 0.00784016186140617 
ρ 0.02 0.0 0.0 0.0 0.02 0.0 0.0 0.0 0.0 0.04 0.0 0.92 
χ 0.0 0.0 0.0 0.0 0.0 0.0 0.0 0.0 0.0 0.0 0.0 1.0 
φ 0.0 0.0 0.0 0.0 0.0 0.0 0.0 0.0 0.0 0.0 0.0 1.0 
υ 0.3300711743772242 0.0 0.0 0.0400355871886121 0.036476868327402136 0.0 0.22508896797153025 0.004448398576512456 0.0 0.0 0.3612099644128114 0.0026690391459074734 
τ 0.0 0.0 0.0 0.0 0.0 0.0 0.0 0.0 0.0 0.0 0.0 1.0 
